ISS (ZARYA)             
1 25544U 98067A   26237.66055539  .00007716  00000+0  14485-3 0  9994
2 25544  51.6329 316.2335 0007673  83.1052 277.0809 15.49625410582525
NOAA 20 (JPSS-1)        
1 43013U 17073A   26237.85305610  .00000042  00000+0  40991-4 0  9999
2 43013  98.7790 176.7028 0001981  74.1229 286.0165 14.19522795454352
SENTINEL-3A             
1 41335U 16011A   26237.92561472  .00000074  00000+0  48603-4 0  9996
2 41335  98.6197 304.2883 0000969  94.8568 265.2723 14.26739570548008
HST                     
1 20580U 90037B   26237.62528960  .00006029  00000+0  18532-3 0  9990
2 20580  28.4736 325.7338 0001866 182.2613 177.7975 15.31455744799223
METEOSAT-10 (MSG-3)     
1 38552U 12035B   26237.83040411 -.00000008  00000+0  00000+0 0  9992
2 38552   4.8310  60.6345 0001056  83.9102 128.7450  1.00267986 51552
GOES 16                 
1 41866U 16071A   26237.88093101 -.00000094  00000+0  00000+0 0  9992
2 41866   0.5047  84.9559 0001361 109.4008 352.2041  1.00273041 35807
GPS BIII-1  (PRN 04)    
1 43873U 18109A   26237.56432360  .00000016  00000+0  00000+0 0  9998
2 43873  55.7256  89.4491 0039669 196.3503 341.0854  2.00564692 56462
GSAT0101 (GALILEO-PFM)  
1 37846U 11060A   26234.13250919 -.00000102  00000+0  00000+0 0  9995
2 37846  56.9685 339.9743 0001135  73.2938 286.7393  1.70475833 92242
