FLTSATCOM 8 (USA 46)    
1 20253U 89077A   26237.71262359 -.00000364  00000+0  00000+0 0  9990
2 20253  12.4031 350.7349 0001516 154.9720 210.2542  1.00262016261268
INMARSAT 3-F1           
1 23839U 96020A   26237.65471733  .00000072  00000+0  00000+0 0  9995
2 23839  10.7428  45.9734 0006025 133.3853 223.0575  0.99996674110948
USA 134                 
1 25019U 97065A   26237.50002678 -.00000063  00000+0  00000+0 0  9990
2 25019  12.8655  21.1856 0001571 288.0098  92.5302  1.00273037 33659
TDRS 8                  
1 26388U 00034A   26237.91845142 -.00000194  00000+0  00000+0 0  9991
2 26388  12.7920  30.7153 0002357  74.1774 284.7258  1.00274708 95870
INTELSAT 902 (IS-902)   
1 26900U 01039A   26237.89175796 -.00000285  00000+0  00000+0 0  9996
2 26900   6.2877  70.9030 0004201  82.4656  91.7184  1.00272515 91391
UFO 11 (USA 174)        
1 28117U 03057A   26237.96330618 -.00000102  00000+0  00000+0 0  9992
2 28117   8.9928  33.4430 0003455 138.5357 224.5030  1.00271619 83153
ABS-4 (MOBISAT-1)       
1 28184U 04007A   26237.88358375  .00000037  00000+0  00000+0 0  9999
2 28184   6.2120  71.1294 0005074  86.1524 195.9416  1.00269679 53038
EUTELSAT 174A           
1 28924U 05052A   26237.86481094  .00000008  00000+0  00000+0 0  9993
2 28924   4.3884  75.6347 0006103  78.5923 305.2740  1.00275447 53032
JCSAT-3A                
1 29272U 06033A   26237.92703146 -.00000347  00000+0  00000+0 0  9999
2 29272   0.0609 278.5241 0002668 240.6109 276.7813  1.00271898 48431
ASTRA 1L                
1 31306U 07016A   26237.89687132 -.00000187  00000+0  00000+0 0  9996
2 31306   1.4948  80.9201 0005161  70.6447 120.9685  1.00272146 45689
GALAXY 18 (G-18)        
1 32951U 08024A   26237.66347069  .00000022  00000+0  00000+0 0  9997
2 32951   0.0045 135.8683 0003205  23.2307 290.6763  1.00272987 46540
OPTUS D3                
1 35756U 09044B   26237.86125758 -.00000149  00000+0  00000+0 0  9998
2 35756   0.8710 268.1407 0004226 245.8214 286.3571  1.00272457 62268
BEIDOU-2 G1             
1 36287U 10001A   26237.92945814 -.00000282  00000+0  00000+0 0  9991
2 36287   4.4525  60.1208 0001510 266.3201 122.8165  1.00270126 60877
COMS 1                  
1 36744U 10032A   26237.86134425 -.00000276  00000+0  00000+0 0  9997
2 36744   4.9779  74.4877 0011030  18.7983 347.1837  0.99170735 51785
XM-5                    
1 37185U 10053A   26237.66503071 -.00000025  00000+0  00000+0 0  9997
2 37185   0.0713 274.6741 0000624 273.3271 270.1360  1.00270060 58182
EUTELSAT 16A            
1 37836U 11057A   26237.88864263  .00000102  00000+0  00000+0 0  9997
2 37836   0.0512  43.7636 0005450 111.1556 155.1395  1.00274096  8039
APSTAR-7                
1 38107U 12013A   26238.00948265 -.00000104  00000+0  00000+0 0  9995
2 38107   0.0149 129.5449 0003656  28.3195 256.3202  1.00272024 52518
INTELSAT 19 (IS-19)     
1 38356U 12030A   26237.86325093  .00000000  00000+0  00000+0 0  9995
2 38356   0.0217 123.9418 0003227  35.6918 291.2639  1.00267910 51140
STAR ONE C3             
1 38991U 12062A   26237.88673770  .00000000  00000+0  00000+0 0  9995
2 38991   0.0263 119.5112 0002237  35.7572  63.1000  1.00270920 50462
YAMAL 402               
1 39022U 12070A   26237.95417411  .00000083  00000+0  00000+0 0  9997
2 39022   1.4367  83.2157 0003750  66.2322 223.1638  1.00272584 50099
MEXSAT 3                
1 39035U 12075B   26237.66511737 -.00000028  00000+0  00000+0 0  9990
2 39035   0.0201  97.3223 0001304  77.8841 283.3419  1.00269377  7758
IRNSS-1A                
1 39199U 13034A   26228.93892535  .00000061  00000+0  00000+0 0  9991
2 39199  35.8527  62.9991 0019486 179.3782 116.1197  1.00279340 47973
AMOS-4                  
1 39237U 13045A   26237.96691715  .00000005  00000+0  00000+0 0  9994
2 39237   0.0108 141.0163 0001366 352.0896 254.1997  1.00272605 47652
AMAZONAS 4A             
1 39616U 14011A   26237.88673770 -.00000255  00000+0  00000+0 0  9999
2 39616   0.0792 223.1809 0006273 307.2661  48.9315  1.00272258 45414
IRNSS-1C                
1 40269U 14061A   26237.63296389 -.00000165  00000+0  00000+0 0  9990
2 40269   6.6893  87.5938 0020680   8.5772 188.5921  1.00274125 43384
EUTELSAT 53A            
1 40277U 14064A   26238.12602412  .00000000  00000+0  00000+0 0  9992
2 40277   0.0265 120.5219 0001881  79.4643 232.7712  1.00269978 42266
ASTRA 2G                
1 40364U 14089A   26237.55089022  .00000000  00000+0  00000+0 0  9998
2 40364   0.0304 352.7203 0002994 112.5413  95.1150  1.00275537 42668
EUTELSAT 8 WEST B       
1 40875U 15039B   26237.90007800 -.00000068  00000+0  00000+0 0  9999
2 40875   0.0694 335.5283 0003530 176.0987 138.5559  1.00272204 40359
EXPRESS-AM8             
1 40895U 15048A   26237.31545321 -.00000114  00000+0  00000+0 0  9993
2 40895   0.0349 265.9604 0000235 164.0865   3.0971  1.00273442 40036
BEIDOU-3S IGSO-2S       
1 40938U 15053A   26214.59725278 -.00000074  00000+0  00000+0 0  9998
2 40938  49.1518 258.2267 0066355 193.9763 165.8677  1.00249594 39814
TURKSAT 4B              
1 40984U 15060A   26237.91160472  .00000112  00000+0  00000+0 0  9999
2 40984   0.0463 278.5240 0002374 226.5030 207.3244  1.00276290 39799
ELEKTRO-L 2             
1 41105U 15074A   26237.82754410 -.00000119  00000+0  00000+0 0  9999
2 41105   6.8632  69.6435 0001089 189.1899 358.6737  1.00271472 39201
THAICOM 8               
1 41552U 16031A   26237.77467719 -.00000123  00000+0  00000+0 0  9991
2 41552   0.0609   4.3671 0001819  88.3833 238.6644  1.00270289 37414
INTELSAT 31 (IS-31)     
1 41581U 16035A   26237.88283769 -.00000153  00000+0  00000+0 0  9993
2 41581   0.0406 260.9333 0001450  72.8615 223.1283  1.00270682 37384
ECHOSTAR 19             
1 41893U 16079A   26237.88249102 -.00000141  00000+0  00000+0 0  9997
2 41893   0.0154 119.7101 0001720  31.4818  43.5486  1.00272480 35408
JCSAT-110A (JCSAT-15)   
1 41903U 16082A   26237.92810333 -.00000353  00000+0  00000+0 0  9993
2 41903   0.0048 171.6781 0000558 336.4325 270.2613  1.00272610 35453
STAR ONE D1             
1 41904U 16082B   26237.88500435 -.00000213  00000+0  00000+0 0  9993
2 41904   0.0102  98.5531 0002346  40.8932  69.3011  1.00272317 35477
GSAT-9                  
1 42695U 17024A   26237.95088115 -.00000289  00000+0  00000+0 0  9995
2 42695   0.0351 246.4751 0002610 274.5220 252.7800  1.00275965 33990
GSAT-19                 
1 42747U 17031A   26237.91117138  .00000123  00000+0  00000+0 0  9991
2 42747   0.0420 264.4277 0004711 194.8009 250.8129  1.00271955 33843
INTELSAT 35E (IS-35E)   
1 42818U 17041A   26237.89479131  .00000000  00000+0  00000+0 0  9996
2 42818   0.0236 132.2101 0002110  40.6145  88.9670  1.00269233 33516
SUPERBIRD-B3            
1 43271U 18033A   26237.86247093  .00000000  00000+0  00000+0 0  9999
2 43271   0.0210 136.0770 0001319  17.9422 292.6096  1.00269467 30759
TELKOM 4 (MERAH PUTIH)  
1 43587U 18064A   26237.97259825 -.00000346  00000+0  00000+0 0  9995
2 43587   0.0251 224.7669 0001548 312.5267 255.0685  1.00271199 29571
TELSTAR 18V             
1 43611U 18069A   26237.50131667 -.00000296  00000+0  00000+0 0  9994
2 43611   0.0273 245.5027 0002020 262.7106 144.0335  1.00273169 29338
HORIZONS-3E             
1 43633U 18074B   26237.86385759 -.00000033  00000+0  00000+0 0  9995
2 43633   0.0210 215.2747 0000699 305.2068 293.6086  1.00272427 29033
BEIDOU-3 G1             
1 43683U 18085A   26237.93335816 -.00000111  00000+0  00000+0 0  9996
2 43683   2.5649  95.4134 0006858  14.8296 360.0000  1.00273232 28767
GSAT-31                 
1 44035U 19007B   26237.55479022  .00000122  00000+0  00000+0 0  9990
2 44035   0.0626 273.2027 0002909 310.8301 357.3972  1.00271492 27664
NUSANTARA SATU          
1 44048U 19009A   26237.50287668 -.00000237  00000+0  00000+0 0  9992
2 44048   0.0270 127.8690 0004896  13.0554 159.8790  1.00270906 27462
YAMAL 601               
1 44307U 19031A   26238.00386461  .00000117  00000+0  00000+0 0  9998
2 44307   0.0110 122.0484 0002488  23.0014 239.5993  1.00272147 26625
EUTELSAT 5 WEST B       
1 44624U 19067A   26237.90068466 -.00000044  00000+0  00000+0 0  9999
2 44624   0.1127 299.2535 0003383 213.9727 140.1771  1.00273348 25125
BEIDOU-3 G2             
1 45344U 20017A   26237.94608339 -.00000142  00000+0  00000+0 0  9998
2 45344   2.5440  48.1107 0002308  98.3031 248.4334  1.00272863 23951
KOREASAT 116            
1 45920U 20048A   26237.92469145 -.00000364  00000+0  00000+0 0  9996
2 45920   0.0430 282.3281 0001440 247.2101 253.7357  1.00269941 22335
ZHONGXING-2E            
1 49062U 21071A   26237.92105144 -.00000294  00000+0  00000+0 0  9992
2 49062   0.0481 285.6611 0000684 240.9715 237.1736  1.00269632 18738
STPSAT-6                
1 49817U 21118A   26237.87954433 -.00000047  00000+0  00000+0 0  9995
2 49817   0.4939  84.6515 0000671 219.7422 234.4905  1.00272188 17279
TURKSAT 5B              
1 50212U 21126A   26237.90995804  .00000143  00000+0  00000+0 0  9992
2 50212   0.0754 326.8347 0001421   1.7506  15.1661  1.00272472 16998
SHIYAN-12 01 (SY-12 01) 
1 50321U 21129A   26237.69319749  .00000151  00000+0  00000+0 0  9999
2 50321   3.8471  78.9411 0001128 166.7103   4.7605  1.00466926 17196
GALAXY 36 (G-36)        
1 54742U 22170B   26237.88405102 -.00000188  00000+0  00000+0 0  9998
2 54742   0.0254 200.6242 0002427 279.0406  83.7343  1.00271424 13478
NVS-01 (IRNSS-1J)       
1 56759U 23076A   26237.92729146 -.00000341  00000+0  00000+0 0  9997
2 56759   2.0084 241.1697 0004182 355.8179 200.5863  1.00273900 11818
TURKSAT 6A              
1 60233U 24127A   26237.90995804  .00000144  00000+0  00000+0 0  9991
2 60233   0.0515 242.5416 0004233 301.3874 159.8162  1.00271671  7711
DSN-3 (KIRAMEKI-3)      
1 61733U 24198A   26237.93015148 -.00000253  00000+0  00000+0 0  9994
2 61733   0.0332 252.8134 0001514 255.5753 304.7029  1.00270621  6615
NUSANTARA LIMA (NUSANT*)
1 65588U 25205A   26237.56761693  .00000000  00000+0  00000+0 0  9997
2 65588   0.0162 120.4023 0000439  93.8632  76.7505  1.00268380  3418
