ONEWEB-0007             
1 44060U 19010D   26237.47514038  .00000185  00000+0  45829-3 0  9991
2 44060  87.8955 245.4058 0002307  91.1312 269.0083 13.15550335360485
ONEWEB-0056             
1 45159U 20008AE  26237.84467846  .00000440  00000+0  12243-2 0  9992
2 45159  87.8872  22.3868 0001515  89.9733 270.1568 13.10375093317301
ONEWEB-0065             
1 45164U 20008AK  26237.82599743 -.00000440  00000+0 -12954-2 0  9999
2 45164  87.8877  22.4024 0001453 102.6607 257.4683 13.10375047317003
ONEWEB-0093             
1 45444U 20020W   26237.82585576  .00000303  00000+0  81807-3 0  9993
2 45444  87.8946   7.2153 0002026 105.4164 254.7188 13.11414246311809
ONEWEB-0145             
1 47291U 20100AK  26237.56062106  .00000211  00000+0  55245-3 0  9999
2 47291  87.8995 336.8897 0001859  97.3735 262.7605 13.12443832273867
ONEWEB-0147             
1 47293U 20100AM  26237.67581908 -.00000197  00000+0 -58363-3 0  9998
2 47293  87.9007 336.8462 0002063  97.3050 262.8313 13.12441124273689
ONEWEB-0150             
1 48047U 21025F   26237.19600017 -.00004014  00000+0 -11031-1 0  9994
2 48047  87.8967 306.4942 0001756  97.5802 262.5527 13.13479581262605
ONEWEB-0149             
1 48058U 21025S   26237.63273423  .00000210  00000+0  54133-3 0  9996
2 48058  87.8959 306.4140 0001822 102.2423 257.8910 13.13471717262601
ONEWEB-0108             
1 48076U 21025AL  26237.62598996 -.00000009  00000+0 -58952-4 0  9992
2 48076  87.8962 306.4075 0001931 105.1529 254.9814 13.13470147262766
ONEWEB-0206             
1 48227U 21031T   26237.37774001  .00000062  00000+0  13149-3 0  9997
2 48227  87.8920 275.9084 0002027  97.4486 262.6874 13.14561602257315
ONEWEB-0199             
1 48234U 21031AA  26237.14775851  .00000750  00000+0  19876-2 0  9990
2 48234  87.8929 275.9559 0002019  97.9042 262.2317 13.14565852257323
ONEWEB-0194             
1 48237U 21031AD  26237.54955410  .00000185  00000+0  46567-3 0  9998
2 48237  87.8913 275.8828 0002156  95.1790 264.9586 13.14431852257474
ONEWEB-0211             
1 48767U 21045A   26237.44502975 -.00000022  00000+0 -91151-4 0  9996
2 48767  87.8962 245.2595 0002359  73.2703 286.8686 13.16198123253556
ONEWEB-0237             
1 48770U 21045D   26237.97429126 -.00000081  00000+0 -24949-3 0  9999
2 48770  87.8951 245.2896 0001850  81.2480 278.8860 13.15547754253561
ONEWEB-0259             
1 48977U 21060L   26237.93920584  .00000063  00000+0  13065-3 0  9990
2 48977  87.9109 214.9264 0002109  79.6753 280.4616 13.16596313248805
ONEWEB-0261             
1 48979U 21060N   26237.90042995 -.00000003  00000+0 -41604-4 0  9997
2 48979  87.9106 214.9346 0002416  83.9589 276.1817 13.16595680248835
ONEWEB-0262             
1 48980U 21060P   26237.88062679 -.00000220  00000+0 -60805-3 0  9991
2 48980  87.9106 214.9265 0002150  76.4126 283.7244 13.16594745248790
ONEWEB-0268             
1 48986U 21060V   26237.87429370  .00000011  00000+0 -42422-5 0  9995
2 48986  87.9115 214.9375 0002107  84.6889 275.4482 13.16593167249023
ONEWEB-0274             
1 48992U 21060AB  26237.92972252  .00000044  00000+0  80567-4 0  9996
2 48992  87.9099 214.9267 0002234  90.5102 269.6285 13.16594354248806
ONEWEB-0312             
1 49098U 21075Z   26237.36474858 -.00000028  00000+0 -10588-3 0  9996
2 49098  87.9199 352.1270 0001515  99.3628 260.7675 13.17650112242710
ONEWEB-0314             
1 49100U 21075AB  26237.33608049  .00000065  00000+0  13403-3 0  9996
2 49100  87.9209 352.1172 0001469  98.8206 261.3092 13.17649237242672
ONEWEB-0315             
1 49101U 21075AC  26237.50809301  .00000438  00000+0  11824-2 0  9998
2 49101  87.9010 336.8801 0001850 112.3492 247.7833 13.12441397244264
ONEWEB-0326             
1 49195U 21083K   26237.27739481  .00000047  00000+0  85538-4 0  9996
2 49195  87.9201 321.7305 0001920 107.1913 252.9430 13.18685238239107
ONEWEB-0335             
1 49201U 21083R   26237.60905603 -.00000298  00000+0 -85072-3 0  9994
2 49201  87.8956 306.4228 0001857 101.8898 258.2439 13.13470922240036
ONEWEB-0343             
1 49209U 21083Z   26237.27220092  .00000074  00000+0  15418-3 0  9994
2 49209  87.9196 321.7299 0002176  89.4400 270.6982 13.18685954239143
ONEWEB-0344             
1 49210U 21083AA  26237.66997986 -.00000095  00000+0 -29575-3 0  9996
2 49210  87.8944 306.4172 0001539  90.9042 269.2264 13.13470231240016
ONEWEB-0348             
1 49213U 21083AD  26237.05217734  .00000047  00000+0  83115-4 0  9994
2 49213  87.9138 260.7097 0001556  98.7498 261.3811 13.20770609245907
ONEWEB-0350             
1 49214U 21083AE  26237.22321869 -.00000279  00000+0 -79903-3 0  9997
2 49214  87.8958 306.4971 0003079 103.8129 256.3343 13.13468972239992
ONEWEB-0351             
1 49215U 21083AF  26237.34832873  .00000097  00000+0  20696-3 0  9994
2 49215  87.9142 260.6499 0002176  75.7580 284.3795 13.20773193245902
ONEWEB-0352             
1 49216U 21083AG  26237.27047656  .00000178  00000+0  45122-3 0  9995
2 49216  87.8961 306.4916 0002137  88.1015 272.0359 13.13470438240095
ONEWEB-0358             
1 49284U 21090F   26237.12539875 -.00001905  00000+0 -47169-2 0  9994
2 49284  87.9144 260.6964 0001960  97.1449 262.9907 13.20781892239656
ONEWEB-0360             
1 49286U 21090H   26237.48484125  .00000082  00000+0  16918-3 0  9994
2 49286  87.9139 260.6230 0001922  89.9161 270.2192 13.20771422238998
ONEWEB-0373             
1 49299U 21090W   26237.50503831  .00000044  00000+0  76102-4 0  9997
2 49299  87.9129 260.6194 0001921  93.8949 266.2404 13.20771666240171
ONEWEB-0375             
1 49301U 21090Y   26237.34174002  .00000007  00000+0 -14739-4 0  9995
2 49301  87.9140 260.6446 0001811 109.3119 250.8210 13.20772289239655
ONEWEB-0378             
1 49304U 21090AB  26237.50012201  .00000092  00000+0  19454-3 0  9999
2 49304  87.9137 260.6175 0002024  96.2718 263.8646 13.20770330238931
ONEWEB-0388             
1 49314U 21090AM  26237.62857459  .00000008  00000+0 -11689-4 0  9996
2 49314  87.9148 291.1409 0002058  99.3855 260.7510 13.19725805235574
ONEWEB-0389             
1 50469U 21132A   26237.37654513 -.00005087  00000+0 -13144-1 0  9992
2 50469  87.9199 352.1198 0001886 109.7470 250.3866 13.17637868227190
ONEWEB-0426             
1 50498U 21132AF  26237.66421255  .00000019  00000+0  14757-4 0  9993
2 50498  87.9202 321.6445 0001877 121.3876 238.7440 13.18687975230741
ONEWEB-0444             
1 51638U 22012S   26237.88722055 -.00000553  00000+0 -16209-2 0  9991
2 51638  87.8863  22.3807 0001859  99.8069 260.3268 13.10371940218468
ONEWEB-0451             
1 51643U 22012X   26237.76638379  .00000045  00000+0  82233-4 0  9995
2 51643  87.9204 352.0242 0001788 105.8763 254.2566 13.17649011222822
ONEWEB-0502             
1 54120U 22138H   26237.14524398  .00000019  00000+0  16304-4 0  9991
2 54120  87.9154 291.2284 0002269  96.6128 263.5263 13.19725494185924
ONEWEB-0523             
1 54141U 22138AE  26237.49830951  .00000023  00000+0  25739-4 0  9994
2 54141  87.9130 260.6201 0001237  97.7316 262.3957 13.20770842188452
ONEWEB-0611             
1 54674U 22166AJ  26237.89808149  .00000094  00000+0  19498-3 0  9996
2 54674  87.9245 230.0972 0002120  86.0236 274.1140 13.21827057180651
ONEWEB-0569             
1 55148U 23004J   26237.48208748  .00000389  00000+0  10313-2 0  9992
2 55148  87.8960 306.4422 0002518  79.0192 281.1220 13.13469617179271
ONEWEB-0598             
1 55154U 23004Q   26237.36144706  .00000436  00000+0  11945-2 0  9994
2 55154  87.8942   7.3056 0001960  77.3562 282.7785 13.11414957174969
ONEWEB-0624             
1 55165U 23004AB  26237.69746086 -.00000296  00000+0 -85097-3 0  9997
2 55165  87.9002 336.7690 0001737 102.6168 257.5156 13.12930267177196
ONEWEB-0625             
1 55166U 23004AC  26237.56556606  .00000060  00000+0  12088-3 0  9998
2 55166  87.9200 352.0887 0002021  99.8383 260.2976 13.17650107176714
ONEWEB-0628             
1 55169U 23004AF  26237.70462340 -.00000168  00000+0 -50308-3 0  9996
2 55169  87.9005 336.8489 0001770 120.3593 239.7711 13.12445906177152
ONEWEB-0711             
1 55174U 23004AL  26237.83445990 -.00000084  00000+0 -27387-3 0  9996
2 55174  87.8945   7.2101 0001289 117.5978 242.5281 13.11413663174964
ONEWEB-0530             
1 55796U 23029A   26237.33164192  .00000053  00000+0  98421-4 0  9992
2 55796  87.9128 260.6748 0001741 104.4511 255.6816 13.20772271170273
ONEWEB-0556             
1 55798U 23029C   26237.09932203  .00000146  00000+0  32654-3 0  9991
2 55798  87.9131 260.7208 0002591 108.2381 251.9035 13.20770479170249
ONEWEB-0638             
1 55802U 23029G   26237.12728426  .00000016  00000+0  97108-5 0  9994
2 55802  87.8910 276.0033 0002269 107.6527 252.4850 13.14542187168459
ONEWEB-0642             
1 55806U 23029L   26237.62225838 -.00000018  00000+0 -77152-4 0  9992
2 55806  87.9147 291.1500 0002495  78.4420 281.6993 13.19724669168062
ONEWEB-0661             
1 55821U 23029AB  26237.88517014  .00000053  00000+0  10803-3 0  9993
2 55821  87.8910 275.8435 0002191  98.3655 261.7723 13.14562307168543
ONEWEB-0672             
1 55831U 23029AM  26237.10773999  .00000042  00000+0  72427-4 0  9994
2 55831  87.9139 260.6919 0001780  95.0893 265.0443 13.20770921170244
ONEWEB-0720             
1 55835U 23029AR  26237.57171398  .00000057  00000+0  10974-3 0  9998
2 55835  87.9143 291.1600 0002223  90.9604 269.1784 13.19724720167991
ONEWEB-0578             
1 56067U 23043X   26237.97041230 -.00000027  00000+0 -98006-4 0  9999
2 56067  87.9240 230.0806 0001837  89.7602 270.3742 13.21825337167459
ONEWEB-0613             
1 56071U 23043AB  26237.31511304  .00000161  00000+0  39463-3 0  9994
2 56071  87.8955 245.4399 0002224  85.2572 274.8812 13.15550164165520
ONEWEB-0633             
1 56074U 23043AE  26237.45138015 -.00000005  00000+0 -46319-4 0  9994
2 56074  87.8966 245.3845 0002261  81.0483 279.0903 13.15547647165515
ONEWEB-0634             
1 56075U 23043AF  26237.96952269 -.00000063  00000+0 -20184-3 0  9991
2 56075  87.8974 245.3159 0001749  86.0535 274.0795 13.15549289165570
