STARLINK-1260           
1 45404U 20019AW  26237.92135944  .00027694  00000+0  59086-3 0  9994
2 45404  53.1518  54.5216 0000996  10.9806 349.1222 15.44703263356005
STARLINK-1548           
1 46054U 20055AD  26237.47325799 -.00000253  00000+0  36287-5 0  9998
2 46054  53.1590  48.6502 0001704  85.2174 274.9022 15.31698413334937
STARLINK-2395           
1 47814U 21018AD  26237.54137861  .00036096  00000+0  11120-2 0  9991
2 47814  53.1568 176.8963 0002081  88.1450 271.9790 15.33307320302660
STARLINK-2364           
1 47904U 21021AW  26237.28423493  .00001914  00000+0  73391-4 0  9996
2 47904  53.1600 190.6967 0001279  91.8883 268.2265 15.31717811302242
STARLINK-2450           
1 48113U 21027X   26237.61167587  .00001461  00000+0  58853-4 0  9994
2 48113  53.1601  99.2169 0001437  90.1916 269.9250 15.31700370298382
STARLINK-2629           
1 48686U 21044BA  26237.78031224  .00006068  00000+0  20720-3 0  9993
2 48686  53.1595   8.4977 0002426  95.2811 264.8467 15.31694391290265
STARLINK-3304           
1 50161U 21125F   26237.94286851  .00000339  00000+0  20634-4 0  9990
2 50161  53.1596 211.0270 0001283  89.2189 270.8961 15.35402590262117
STARLINK-3618           
1 51998U 22025AU  26237.65814958  .00001016  00000+0  41194-4 0  9999
2 51998  53.1599 330.7744 0001118  80.7433 279.3697 15.34391700246569
STARLINK-3765           
1 52295U 22041AL  26238.00001157  .01032537  00000+0  84249-2 0  9996
2 52295  53.1596  47.5495 0000664  76.0088 137.2884 15.67779773  5886
STARLINK-3770           
1 52554U 22051X   26238.00001157  .01265082  00000+0  38571-1 0  9994
2 52554  53.1601  92.4881 0001667  73.1551  19.0391 15.30620029  5807
STARLINK-4333           
1 53088U 22077AX  26237.91668981  .00799109  00000+0  36051-1 0  9990
2 53088  97.2845  53.1523 0001451  89.0631 141.9615 15.18682375  5837
STARLINK-4149           
1 53290U 22086BA  26237.90154164  .00013765  00000+0  83117-3 0  9991
2 53290  53.2162 143.8360 0002675  88.4257 271.7043 15.10980240226744
STARLINK-4651           
1 53729U 22107AF  26237.94245198  .00001293  00000+0  47970-4 0  9995
2 53729  53.1599 209.7106 0001333  93.8442 266.2714 15.35401271220196
STARLINK-5181           
1 54070U 22136V   26237.33771123 -.00001206  00000+0 -23683-4 0  9993
2 54070  53.1594 300.2461 0001062  99.2349 260.8775 15.35396375212395
STARLINK-5327           
1 55291U 23010Y   26237.37781688  .00000337  00000+0  36069-4 0  9996
2 55291  69.9999 319.2677 0003316 268.7487  91.3292 14.98329436198536
STARLINK-5666           
1 55349U 23013U   26237.90083201  .00000042  00000+0  11070-4 0  9996
2 55349  43.0029  67.6611 0001323 255.0437 105.0268 15.27581141197552
STARLINK-5575           
1 55381U 23013BC  26237.93244291 -.00000461  00000+0 -72250-5 0  9998
2 55381  43.0018  82.5700 0001257 245.6803 114.3918 15.27577945197382
STARLINK-5497           
1 55629U 23021B   26237.71368711  .00000992  00000+0  90909-4 0  9999
2 55629  70.0005 138.4001 0003050 270.0705  90.0105 14.98340174193613
STARLINK-30112          
1 56306U 23056W   26237.32153369 -.00000002  00000+0  94513-5 0  9997
2 56306  43.0009 336.1931 0001158 278.9985  81.0735 15.27576828185893
STARLINK-6136           
1 56540U 23065AP  26237.39496031  .00000044  00000+0  11122-4 0  9999
2 56540  43.0037 354.2178 0001737 268.6631  91.4022 15.27578045182237
STARLINK-6296           
1 56773U 23078G   26237.73572386  .00000045  00000+0  11591-4 0  9998
2 56773  69.9975 238.3965 0003831 265.0445  95.0277 14.98329505178981
STARLINK-30152          
1 56828U 23079F   26237.68814095  .00000645  00000+0  32949-4 0  9996
2 56828  43.0008 232.7012 0000790 282.2950  77.7813 15.27579455178736
STARLINK-5520           
1 57219U 23094B   26237.17278625  .00001496  00000+0  63917-4 0  9999
2 57219  43.0036 162.5557 0001515 270.0880  89.9798 15.27566642172846
STARLINK-30328          
1 57638U 23122G   26237.93612307  .00000363  00000+0  22697-4 0  9991
2 57638  42.9994 205.3742 0000916 272.3239  87.7508 15.27577094168237
STARLINK-30422          
1 57826U 23138U   26237.62228139 -.00001084  00000+0 -29891-4 0  9995
2 57826  43.0027   0.2025 0001461 267.6320  92.4364 15.27563344164563
STARLINK-30486          
1 58009U 23153U   26237.94181968  .00002146  00000+0  87490-4 0  9996
2 58009  43.0022 190.9985 0001585 264.0033  96.0638 15.27586139160683
STARLINK-30612          
1 58106U 23161K   26237.56388845  .00000348  00000+0  21456-4 0  9996
2 58106  53.1594  84.8864 0001380  82.6114 277.5045 15.34390611160494
STARLINK-31070          
1 58639U 23203X   26236.97266772  .00000132  00000+0  14304-4 0  9997
2 58639  42.9996 197.1012 0001122 266.4726  93.5997 15.27579925149291
STARLINK-31590          
1 59198U 24045W   26237.95028139  .00001002  00000+0  45936-4 0  9997
2 59198  43.0007 216.9873 0001185 281.8633  78.2086 15.27574914139043
STARLINK-31490          
1 59222U 24046X   26237.61118024  .00000656  00000+0  30563-4 0  9996
2 59222  53.1610  90.6055 0001723  91.7526 268.3674 15.34389875138906
STARLINK-31422          
1 59354U 24060G   26237.42174580  .00002547  00000+0  10209-3 0  9991
2 59354  43.0028  27.3364 0001237 251.7983 108.2734 15.27564324135865
STARLINK-32087          
1 59702U 24086W   26237.91324244  .00005197  00000+0  19804-3 0  9998
2 59702  43.0017 184.1311 0000987 254.8766 105.1977 15.27610155129994
STARLINK-31759          
1 59740U 24090L   26237.23765251 -.00000033  00000+0  83130-5 0  9997
2 59740  42.9995 311.9443 0000886 287.7537  72.3218 15.27578299129214
STARLINK-11231 [DTC]    
1 61057U 24164H   26237.92031597  .00000933  00000+0  12552-4 0  9995
2 61057  53.1587 197.3752 0001071  75.0142 285.0994 15.69716787111997
STARLINK-11297 [DTC]    
1 61060U 24164L   26237.90561576 -.00000353  00000+0  19390-5 0  9997
2 61060  53.1597 197.2774 0000966 108.3903 251.7220 15.69695365111992
STARLINK-11323 [DTC]    
1 61533U 24184B   26237.06931750 -.00002491  00000+0 -15675-4 0  9993
2 61533  53.1581 126.1866 0003598  88.0779 272.0651 15.69697949106866
STARLINK-11332 [DTC]    
1 61539U 24184H   26237.68147010  .00000255  00000+0  69657-5 0  9999
2 61539  53.1596 122.9057 0001159  77.8642 282.2506 15.69711776106968
STARLINK-32441          
1 61668U 24193H   26237.91668981  .00040137  00000+0  12262-2 0  9993
2 61668  53.1583  24.9729 0001159  89.4022 353.8379 15.33524259  5875
STARLINK-32495          
1 62052U 24216W   26237.75063578  .00016613  00000+0  61157-3 0  9990
2 62052  43.0041  28.2724 0002309 281.0733  78.9859 15.27594807 99655
STARLINK-32725          
1 62505U 25003U   26237.89235565  .00019589  00000+0  71920-3 0  9994
2 62505  43.0019  52.9752 0001037 274.6637  85.4096 15.27592754 92430
STARLINK-32806          
1 62735U 25014A   26237.17970968  .00004027  00000+0  15577-3 0  9992
2 62735  43.0023 283.0325 0001329 271.4348  88.6352 15.27581321 89020
STARLINK-32780          
1 62746U 25014M   26237.39000448  .00017933  00000+0  65944-3 0  9998
2 62746  43.0013 282.0290 0000841 266.1001  93.9754 15.27588042 89051
STARLINK-11561 [DTC]    
1 62908U 25027B   26237.81195817  .00236304  00000+0  17924-2 0  9993
2 62908  43.0005  47.9866 0001551 283.5898  76.4797 15.70850571 89752
STARLINK-32905          
1 62923U 25027S   26237.08415534  .00008183  00000+0  30650-3 0  9994
2 62923  42.9960 258.0751 0000939 267.6861  92.3883 15.27584497 87290
STARLINK-33784          
1 63453U 25069W   26236.98026156  .00015309  00000+0  46317-3 0  9990
2 63453  53.1587  79.8737 0000984  79.0475 281.0638 15.34408441 79183
STARLINK-33881          
1 63779U 25091E   26237.88348029  .00023139  00000+0  84675-3 0  9991
2 63779  42.9968 177.4136 0001146  62.9736 297.1232 15.27617916 74772
STARLINK-34175          
1 64169U 25112Z   26237.10697347  .00012939  00000+0  40238-3 0  9997
2 64169  97.2831 284.5617 0000871  90.4781 269.6562 15.33448800 68709
STARLINK-34131          
1 64182U 25113N   26237.84240483  .00014778  00000+0  51009-3 0  9990
2 64182  53.1576  25.3935 0001044  83.7278 276.3842 15.30200362 70923
STARLINK-33865          
1 64247U 25119Q   26237.58882234  .00024158  00000+0  88488-3 0  9999
2 64247  43.0019  72.9041 0000899 268.0949  91.9799 15.27566897 69970
STARLINK-34321          
1 64267U 25120M   26237.88616907  .00029815  00000+0  88995-3 0  9996
2 64267  53.1593  45.6251 0000976  83.9600 276.1514 15.34404109 69893
STARLINK-34522          
1 64492U 25133W   26237.87147476  .00034206  00000+0  10188-2 0  9997
2 64492  53.1601  45.7988 0000995  82.9809 277.1307 15.34403288 67168
STARLINK-34579          
1 64925U 25157X   26237.37251721  .00012508  00000+0  38061-3 0  9990
2 64925  53.1592 279.7580 0000980  79.4454 280.6659 15.34407115 61982
STARLINK-34740          
1 64941U 25158K   26237.59434429  .00007599  00000+0  52999-3 0  9991
2 64941  97.2821  96.8233 0002368  72.0185 288.1300 15.05650170 60714
STARLINK-34907          
1 65213U 25176R   26237.58703762  .00018875  00000+0  56799-3 0  9993
2 65213  53.1589  85.0770 0002078  90.3400 269.7840 15.34419361 59029
STARLINK-35136          
1 65537U 25200T   26237.63969910  .00037742  00000+0  11638-2 0  9991
2 65537  97.2852 304.4759 0001087  92.3584 267.7783 15.33492510 54596
STARLINK-35217          
1 65627U 25210F   26237.91668981  .00054166  00000+0  16043-2 0  9991
2 65627  53.1588 241.0513 0001459  62.8835 176.8086 15.34368526  5739
STARLINK-35127          
1 65639U 25210T   26237.71734433  .00014039  00000+0  42577-3 0  9995
2 65639  53.1585 238.1589 0001316  79.8427 280.2725 15.34406993 53662
STARLINK-35273          
1 65805U 25218Q   26237.91668981  .00293783  00000+0  17188-1 0  9997
2 65805  97.2853  95.9249 0001977  77.6465 197.7026 15.10387080  5793
STARLINK-35450          
1 65868U 25223Q   26237.95622733  .00020752  00000+0  62367-3 0  9996
2 65868  53.1581 224.9315 0001448 143.8650 216.2450 15.34397504 50161
STARLINK-35307          
1 66013U 25232J   26237.80833535  .00029264  00000+0  87355-3 0  9998
2 66013  53.1586  35.8721 0000807  98.0257 262.0837 15.34412056 49369
STARLINK-35483          
1 66252U 25245U   26237.33335648  .00034340  00000+0  10238-2 0  9993
2 66252  53.1580 220.0321 0001078  86.9296 288.5722 15.34368797  5788
STARLINK-35849          
1 66348U 25254A   26237.19413373  .00022313  00000+0  66950-3 0  9995
2 66348  53.1593 168.4121 0000997  91.4860 268.6257 15.34401792 45956
STARLINK-35463          
1 66463U 25262H   26237.50560993  .00016147  00000+0  59464-3 0  9998
2 66463  43.0010  62.8724 0001042 259.9770 100.0964 15.27599679 44727
STARLINK-35833          
1 66542U 25265AC  26237.75024481  .00015541  00000+0  57289-3 0  9993
2 66542  43.0027  43.6389 0001618 234.6298 125.4402 15.27591640 42963
STARLINK-35847          
1 66621U 25271E   26237.92313186  .00032669  00000+0  97304-3 0  9992
2 66621  53.1602  73.3903 0001427  89.5164 270.6002 15.34424907 43487
STARLINK-35967          
1 66634U 25271T   26237.94990394  .00024988  00000+0  74766-3 0  9992
2 66634  53.1575  69.3082 0000904  71.9327 288.1774 15.34423444 43494
STARLINK-36236          
1 67078U 25298D   26237.38827249 -.00006365  00000+0 -52609-3 0  9993
2 67078  70.0002 309.2357 0004589 285.8657  74.1996 14.98329076 38483
STARLINK-36538          
1 67512U 26012V   26237.61235818  .00021089  00000+0  77365-3 0  9996
2 67512  42.9996  80.6512 0001168 264.6806  95.3913 15.27581262 33591
STARLINK-36537          
1 67516U 26012Z   26237.58408817  .00012520  00000+0  46361-3 0  9999
2 67516  42.9956  80.4303 0001030 293.0520  67.0222 15.27585697 33599
STARLINK-36720          
1 67655U 26022H   26237.36650084  .00022811  00000+0  70701-3 0  9994
2 67655  97.2847 269.3255 0000638  82.1567 277.9749 15.33434620 31422
STARLINK-36710          
1 67971U 26038L   26237.27046086  .00027418  00000+0  84845-3 0  9995
2 67971  97.2822 245.9820 0001183  93.8296 266.3082 15.33447115 29071
STARLINK-36890          
1 68258U 26054AC  26237.94898861  .00023448  00000+0  70293-3 0  9993
2 68258  53.1555 229.4613 0001427 108.9184 251.1974 15.34400012 24923
STARLINK-37142          
1 68296U 26057C   26237.31167037  .00029406  00000+0  90965-3 0  9991
2 68296  97.2847   3.1339 0000844  84.1980 275.9359 15.33445188 24508
STARLINK-37391          
1 68779U 26086P   26237.51709063  .00020469  00000+0  63419-3 0  9996
2 68779  97.2857 273.3269 0001135 265.8899  94.2214 15.33467110 19706
STARLINK-37788          
1 69338U 26122K   26237.04337070  .00016112  00000+0  50021-3 0  9997
2 69338  97.2844 266.0243 0001010 106.4995 253.6359 15.33452870 12749
STARLINK-37582          
1 69363U 26123L   26237.91668981  .00055822  00000+0  16527-2 0  9993
2 69363  53.1593 261.4089 0001222  82.1437 191.2211 15.34367132  5969
STARLINK-37933          
1 69532U 26133AA  26237.67093517  .00032426  00000+0  96647-3 0  9999
2 69532  53.1584 350.8055 0000925 100.4409 259.6698 15.34407070 12798
STARLINK-37936          
1 69563U 26135T   26237.33825853  .00014392  00000+0  44717-3 0  9997
2 69563  97.2859 265.4426 0001748  92.2211 267.9232 15.33452097 10996
STARLINK-38074          
1 69741U 26150C   26237.49209218  .00019939  00000+0  61759-3 0  9997
2 69741  97.2833  76.8401 0003475  50.6707 309.4843 15.33477866  9753
STARLINK-38037          
1 69750U 26150M   26237.28272439  .00026245  00000+0  81257-3 0  9992
2 69750  97.2839  76.5142 0000857 100.2836 259.8503 15.33439826  9715
